tempo,setpoint,atual,velocidade
0.830,10.000000,15.000000,15.000000
0.831,15.000000,10.150000,0.000000
0.832,15.000000,10.250000,5.810000
0.833,15.000000,10.930000,4.320000
0.834,15.000000,10.860000,5.950000
1.027,15.000000,10.830000,6.890000
1.274,15.000000,10.510000,7.950000
1.549,15.000000,11.540000,7.230000
1.799,15.000000,11.220000,8.420000
2.053,15.000000,10.900000,7.980000
2.328,15.000000,11.910000,7.600000
2.578,15.000000,11.560000,7.970000
2.826,15.000000,11.220000,9.060000
3.073,15.000000,12.220000,8.270000
3.367,15.000000,11.900000,10.280000
3.613,15.000000,11.560000,9.700000
3.889,15.000000,12.590000,8.740000
4.104,15.000000,12.220000,10.580000
4.364,15.000000,11.910000,11.280000
4.624,15.000000,12.910000,9.160000
4.859,15.000000,12.560000,10.990000
5.111,15.000000,12.250000,11.550000
5.367,15.000000,13.260000,9.790000
5.625,15.000000,12.930000,11.160000
5.872,15.000000,12.590000,11.730000
6.128,15.000000,13.620000,9.680000
6.386,15.000000,13.460000,11.030000
6.631,15.000000,12.920000,11.960000
6.896,15.000000,14.060000,10.620000
7.192,15.000000,13.890000,9.770000
7.391,15.000000,14.960000,0.000000
7.700,15.000000,14.890000,0.000000
7.951,15.000000,14.970000,0.000000
8.223,15.000000,14.890000,0.000000
8.418,15.000000,14.900000,0.000000
8.723,15.000000,14.630000,0.000000
8.975,15.000000,14.630000,0.000000
9.213,15.000000,14.630000,0.000000
9.466,15.000000,14.630000,0.000000
9.734,15.000000,14.620000,0.000000
9.994,15.000000,14.630000,0.000000
10.257,15.000000,14.630000,0.000000
10.513,15.000000,14.620000,0.000000
10.788,15.000000,14.630000,0.000000
11.034,15.000000,14.630000,0.000000
11.332,15.000000,14.630000,0.000000
11.607,15.000000,14.630000,0.000000
11.826,15.000000,14.630000,0.000000
12.117,15.000000,14.630000,0.000000
12.391,15.000000,14.620000,0.000000
12.617,15.000000,14.620000,0.000000
12.884,15.000000,14.630000,0.000000
13.130,15.000000,14.600000,0.000000
13.384,15.000000,14.630000,0.000000
13.649,15.000000,14.630000,0.000000
13.913,15.000000,14.690000,0.000000
14.156,15.000000,14.620000,0.000000
14.404,15.000000,14.620000,0.000000
14.673,15.000000,14.610000,0.000000
14.926,10.000000,14.590000,2.730000
15.241,10.000000,14.590000,2.800000
15.442,10.000000,14.640000,2.300000
15.741,10.000000,14.270000,2.610000
15.938,10.000000,14.270000,1.840000
16.254,10.000000,14.250000,1.510000
16.458,10.000000,13.930000,1.410000
16.726,10.000000,13.930000,1.380000
16.981,10.000000,13.930000,0.640000
17.202,10.000000,14.220000,-0.090000
17.463,10.000000,15.030000,-6.100000
17.717,10.000000,14.450000,-5.840000
17.970,10.000000,14.180000,-1.010000
18.223,10.000000,14.220000,-1.810000
18.477,10.000000,14.450000,-7.090000
18.728,10.000000,13.930000,-1.950000
18.980,10.000000,14.110000,-3.720000
19.248,10.000000,14.270000,-3.150000
19.489,10.000000,14.630000,-5.860000
19.759,10.000000,14.590000,-4.760000
19.999,10.000000,13.590000,0.600000
20.272,10.000000,13.590000,-4.410000
20.513,10.000000,13.950000,-6.700000
20.757,10.000000,13.950000,-5.860000
21.029,10.000000,13.720000,-1.400000
21.265,10.000000,13.400000,-6.820000
21.518,10.000000,13.380000,-7.130000
21.779,10.000000,13.590000,-6.550000
22.030,10.000000,12.580000,-1.080000
22.280,10.000000,12.580000,-6.000000
22.536,10.000000,12.900000,-6.650000
22.784,10.000000,13.260000,-7.720000
23.038,10.000000,12.230000,-6.500000
23.290,10.000000,12.560000,-7.910000
23.543,10.000000,13.110000,-9.140000
23.821,10.000000,12.970000,-8.110000
24.092,10.000000,11.880000,-7.100000
24.302,10.000000,12.210000,-7.690000
24.554,10.000000,12.550000,-8.320000
24.833,10.000000,11.550000,-7.740000
25.098,10.000000,11.870000,-7.580000
25.316,10.000000,12.230000,-9.700000
25.568,10.000000,11.230000,-4.690000
25.820,10.000000,11.210000,-7.710000
26.074,10.000000,11.800000,-9.260000
26.326,10.000000,10.890000,-4.390000
26.577,10.000000,10.880000,-8.080000
26.835,10.000000,11.210000,-8.150000
27.082,10.000000,11.530000,-8.360000
27.337,10.000000,10.960000,-8.770000
27.619,10.000000,10.480000,0.000000
27.892,10.000000,11.210000,-8.650000
28.131,10.000000,10.570000,-4.450000
28.390,10.000000,10.180000,0.000000
28.667,10.000000,10.140000,0.000000
28.914,10.000000,10.220000,0.000000
29.161,10.000000,10.200000,0.000000
29.409,10.000000,10.140000,0.000000
29.686,10.000000,10.200000,0.000000
29.929,15.000000,10.130000,-1.770000
30.198,15.000000,10.140000,-1.190000
30.453,15.000000,10.450000,-2.130000
30.725,15.000000,10.430000,-0.550000
30.973,15.000000,10.500000,-0.100000
31.281,15.000000,10.420000,1.570000
31.519,15.000000,10.420000,2.390000
31.775,15.000000,10.490000,1.250000
32.036,15.000000,10.440000,2.600000
32.320,15.000000,10.460000,2.570000
32.558,15.000000,8.910000,10.750000
32.805,15.000000,7.080000,1.820000
33.085,15.000000,9.380000,4.190000
33.325,15.000000,6.700000,3.730000
33.595,15.000000,8.170000,2.320000
33.845,15.000000,11.120000,-14.180000
34.106,15.000000,6.440000,23.420000
34.360,15.000000,4.380000,16.570000
34.625,15.000000,4.900000,1.450000
34.895,15.000000,7.940000,-7.760000
35.148,15.000000,6.470000,19.480000
35.449,15.000000,4.850000,17.490000
35.684,15.000000,5.420000,16.730000
35.956,15.000000,5.860000,13.150000
36.235,15.000000,5.940000,20.330000
36.464,15.000000,8.740000,10.130000
36.774,15.000000,8.510000,3.670000
36.984,15.000000,12.850000,17.330000
37.264,15.000000,13.590000,12.340000
37.494,15.000000,13.110000,14.220000
37.750,15.000000,13.930000,13.450000
37.998,15.000000,13.840000,8.190000
38.255,15.000000,14.620000,0.000000
38.544,15.000000,14.610000,0.000000
38.787,15.000000,14.620000,0.000000
39.053,15.000000,14.610000,0.000000
39.298,15.000000,14.940000,0.000000
39.598,15.000000,14.890000,0.000000
39.819,15.000000,15.490000,0.000000
40.086,15.000000,15.280000,0.000000
40.310,15.000000,15.940000,-24.100000
40.563,15.000000,15.900000,4.910000
40.819,15.000000,15.100000,0.000000
41.075,15.000000,14.540000,0.000000
41.321,15.000000,14.590000,0.000000
41.573,15.000000,14.750000,0.000000
41.825,15.000000,14.450000,7.870000
42.077,15.000000,15.070000,0.000000
42.344,15.000000,15.100000,0.000000
42.608,15.000000,15.160000,0.000000
42.870,15.000000,15.030000,0.000000
43.104,15.000000,14.820000,0.000000
43.356,15.000000,15.620000,9.690000
43.647,15.000000,15.370000,0.000000
43.896,15.000000,15.270000,0.000000
44.140,15.000000,15.300000,0.000000
44.366,15.000000,15.300000,0.000000
44.616,15.000000,15.290000,0.000000
44.872,15.000000,15.270000,0.000000
45.132,10.000000,15.300000,5.020000
45.379,10.000000,14.930000,4.990000
45.639,10.000000,14.620000,9.470000
45.887,10.000000,15.950000,-1.740000
46.144,10.000000,15.950000,2.280000
46.435,10.000000,16.550000,-2.260000
46.671,10.000000,16.670000,0.240000
46.903,10.000000,15.640000,0.800000
47.170,10.000000,15.630000,0.200000
47.409,10.000000,15.650000,-0.670000
47.679,10.000000,15.640000,-0.870000
47.961,10.000000,15.630000,-1.410000
48.214,10.000000,15.960000,-2.340000
48.429,10.000000,15.970000,-2.970000
48.684,10.000000,15.960000,-3.520000
48.938,10.000000,15.700000,-3.730000
49.192,10.000000,15.680000,0.390000
49.447,10.000000,14.750000,-4.460000
49.707,10.000000,14.980000,-4.440000
49.956,10.000000,15.150000,-6.180000
50.217,10.000000,15.390000,-7.440000
50.475,10.000000,14.250000,-5.090000
50.749,10.000000,14.250000,-5.510000
51.000,10.000000,14.590000,-6.340000
51.228,10.000000,14.930000,-7.260000
51.482,10.000000,14.400000,-3.630000
51.786,10.000000,13.910000,-6.550000
52.010,10.000000,14.270000,-7.380000
52.247,10.000000,14.590000,-8.540000
52.499,10.000000,13.570000,-7.450000
52.753,10.000000,13.880000,-9.690000
53.009,10.000000,13.910000,-8.590000
53.262,10.000000,13.270000,-8.850000
53.526,10.000000,13.460000,-10.320000
53.770,10.000000,13.700000,-10.890000
54.023,10.000000,12.590000,-9.100000
54.279,10.000000,13.190000,-10.520000
54.539,10.000000,13.280000,-10.480000
54.817,10.000000,12.210000,-9.130000
55.055,10.000000,12.580000,-9.790000
55.301,10.000000,12.900000,-10.490000
55.575,10.000000,12.510000,-7.180000
55.826,10.000000,12.220000,-10.210000
56.078,10.000000,12.560000,-10.830000
56.320,10.000000,11.690000,-11.180000
56.562,10.000000,11.870000,-10.410000
56.817,10.000000,12.220000,-11.060000
57.069,10.000000,11.480000,-11.530000
57.322,10.000000,11.540000,-10.940000
57.580,10.000000,11.870000,-11.140000
57.828,10.000000,11.140000,-11.980000
58.081,10.000000,11.550000,-11.050000
58.333,10.000000,10.750000,-6.450000
58.585,10.000000,10.480000,0.000000
58.866,10.000000,10.520000,-10.070000
59.137,10.000000,10.880000,-10.560000
59.385,10.000000,10.220000,0.000000
59.633,10.000000,10.140000,0.000000
59.902,10.000000,10.180000,0.000000
60.175,15.000000,10.200000,-4.100000
60.452,15.000000,10.180000,-2.920000
60.670,15.000000,10.140000,-2.740000
60.923,15.000000,10.220000,-2.620000
61.190,15.000000,10.180000,-1.430000
61.444,15.000000,10.710000,-4.140000
61.705,15.000000,10.820000,-1.300000
61.956,15.000000,10.890000,-1.370000
62.224,15.000000,10.820000,-0.710000
62.471,15.000000,10.820000,-0.350000
62.758,15.000000,10.820000,0.100000
63.028,15.000000,10.830000,0.510000
63.279,15.000000,10.820000,0.960000
63.525,15.000000,10.930000,0.910000
63.779,15.000000,10.850000,1.380000
64.059,15.000000,10.820000,2.560000
64.345,15.000000,10.860000,3.040000
64.554,15.000000,10.890000,3.010000
64.829,15.000000,10.880000,3.110000
65.078,15.000000,10.860000,3.570000
65.349,15.000000,10.690000,5.710000
65.643,15.000000,11.190000,1.540000
65.887,15.000000,11.220000,5.130000
66.121,15.000000,11.180000,5.540000
66.397,15.000000,11.070000,6.510000
66.681,15.000000,10.840000,6.760000
66.933,15.000000,11.130000,3.330000
67.182,15.000000,11.560000,6.070000
67.438,15.000000,11.590000,6.680000
67.689,15.000000,11.560000,7.190000
67.957,15.000000,11.700000,7.260000
68.214,15.000000,11.540000,7.470000
68.469,15.000000,11.360000,9.450000
68.738,15.000000,11.410000,9.060000
68.990,15.000000,12.250000,8.110000
69.242,15.000000,11.560000,8.800000
69.496,15.000000,12.570000,9.390000
69.747,15.000000,12.570000,8.170000
70.007,15.000000,12.250000,10.360000
70.289,15.000000,12.980000,8.760000
70.502,15.000000,12.930000,8.770000
70.767,15.000000,12.570000,9.010000
71.024,15.000000,12.990000,6.300000
71.265,15.000000,13.050000,5.950000
71.524,15.000000,12.640000,11.080000
71.761,15.000000,13.460000,5.700000
72.015,15.000000,13.620000,8.940000
72.266,15.000000,13.280000,9.800000
72.537,15.000000,13.720000,4.860000
72.817,15.000000,13.960000,9.050000
73.042,15.000000,14.660000,0.000000
73.333,15.000000,14.630000,0.000000
73.595,15.000000,14.620000,0.000000
73.817,15.000000,13.540000,9.910000
74.100,15.000000,14.620000,0.000000
74.352,15.000000,14.620000,0.000000
74.605,15.000000,14.620000,0.000000
74.854,15.000000,14.620000,0.000000
75.101,10.000000,14.600000,3.090000
75.356,10.000000,14.630000,2.520000
75.606,10.000000,14.650000,2.080000
75.859,10.000000,14.420000,2.680000
76.112,10.000000,14.260000,1.660000
76.367,10.000000,14.080000,1.220000
76.618,10.000000,13.940000,0.740000
76.872,10.000000,13.940000,0.790000
77.158,10.000000,13.940000,0.010000
77.376,10.000000,13.940000,-0.020000
77.651,10.000000,14.120000,-0.480000
77.909,10.000000,14.330000,-4.460000
78.137,10.000000,14.520000,-1.540000
78.419,10.000000,14.390000,1.090000
78.675,10.000000,14.060000,0.620000
78.905,10.000000,14.200000,-3.890000
79.156,10.000000,14.240000,-3.260000
79.415,10.000000,14.590000,-4.160000
79.656,10.000000,14.620000,-4.580000
79.932,10.000000,14.350000,-5.050000
80.165,10.000000,13.560000,-3.820000
80.426,10.000000,13.720000,-5.870000
80.674,10.000000,13.930000,-5.320000
80.942,10.000000,14.270000,-7.270000
81.212,10.000000,13.450000,-0.570000
81.432,10.000000,13.240000,-6.810000
81.718,10.000000,13.260000,-6.340000
81.965,10.000000,13.570000,-6.670000
82.211,10.000000,13.450000,-3.100000
82.463,10.000000,12.780000,-7.580000
82.720,10.000000,13.140000,-8.630000
82.953,10.000000,13.390000,-8.890000
83.210,10.000000,12.500000,-8.250000
83.467,10.000000,12.570000,-7.410000
83.713,10.000000,12.910000,-8.020000
83.966,10.000000,12.940000,-8.340000
84.221,10.000000,12.360000,-11.420000
84.474,10.000000,12.320000,-10.410000
84.734,10.000000,12.730000,-10.290000
85.001,10.000000,11.900000,-8.100000
85.266,10.000000,12.160000,-9.690000
85.511,10.000000,12.360000,-10.140000
85.761,10.000000,12.170000,-13.560000
85.992,10.000000,11.880000,-8.460000
86.248,10.000000,11.910000,-9.030000
86.525,10.000000,11.900000,-9.560000
86.782,10.000000,11.680000,-13.450000
87.028,10.000000,11.700000,-12.750000
87.269,10.000000,10.970000,-9.760000
87.513,10.000000,11.130000,-8.530000
87.769,10.000000,11.220000,-9.470000
88.031,10.000000,10.500000,0.000000
88.285,10.000000,10.510000,-8.360000
88.562,10.000000,10.860000,-8.530000
88.817,10.000000,10.820000,-8.520000
89.064,10.000000,10.180000,0.000000
89.332,10.000000,10.220000,0.000000
89.582,10.000000,10.160000,0.000000
89.846,10.000000,10.180000,0.000000
90.120,10.000000,10.220000,0.000000
90.400,15.000000,10.160000,-1.790000
90.660,15.000000,10.140000,-1.580000
90.932,15.000000,10.200000,-1.490000
91.176,15.000000,10.220000,-1.000000
91.425,15.000000,10.140000,-0.060000
91.674,15.000000,10.250000,0.360000
91.941,15.000000,10.140000,1.000000
92.195,15.000000,10.140000,1.430000
92.468,15.000000,10.200000,1.530000
92.715,15.000000,10.180000,2.700000
92.984,15.000000,10.140000,2.940000
93.240,15.000000,10.220000,3.010000
93.502,15.000000,9.900000,4.240000
93.756,15.000000,9.790000,4.880000
94.048,15.000000,10.880000,4.480000
94.312,15.000000,10.900000,4.470000
94.557,15.000000,10.550000,5.020000
94.819,15.000000,10.150000,7.720000
95.088,15.000000,10.400000,2.620000
95.335,15.000000,11.240000,5.630000
95.588,15.000000,11.080000,7.710000
95.856,15.000000,10.900000,6.810000
96.119,15.000000,10.900000,7.580000
96.372,15.000000,10.560000,8.090000
96.632,15.000000,10.490000,8.970000
96.884,15.000000,11.290000,10.420000
97.140,15.000000,11.760000,8.230000
97.393,15.000000,11.630000,9.880000
97.644,15.000000,11.840000,5.580000
97.901,15.000000,12.250000,8.660000
98.173,15.000000,12.230000,8.960000
98.405,15.000000,12.570000,8.850000
98.651,15.000000,12.590000,8.720000
98.932,15.000000,12.240000,9.800000
99.200,15.000000,13.240000,4.610000
99.442,15.000000,12.900000,9.460000
99.682,15.000000,12.580000,10.070000
99.930,15.000000,13.060000,5.390000
100.184,15.000000,13.240000,9.700000
100.435,15.000000,12.900000,10.290000
100.690,15.000000,13.630000,5.640000
100.940,15.000000,13.590000,9.490000
101.195,15.000000,13.260000,10.350000
101.447,15.000000,14.250000,5.430000
101.711,15.000000,13.930000,11.130000
101.955,15.000000,13.740000,11.310000
102.231,15.000000,14.620000,0.000000
102.526,15.000000,14.620000,0.000000
102.749,15.000000,14.610000,0.000000
102.995,15.000000,14.590000,0.000000
103.242,15.000000,14.620000,0.000000
103.534,15.000000,14.610000,0.000000
103.791,15.000000,14.610000,0.000000
104.025,15.000000,14.620000,0.000000
104.286,15.000000,14.600000,0.000000
104.548,15.000000,14.610000,0.000000
104.802,15.000000,14.590000,0.000000
105.054,15.000000,14.610000,0.000000
105.310,10.000000,14.590000,2.930000
105.560,10.000000,14.590000,3.000000
105.813,10.000000,14.320000,3.880000
106.066,10.000000,14.270000,2.020000
106.329,10.000000,14.250000,2.030000
106.605,10.000000,13.980000,1.910000
106.827,10.000000,13.930000,1.190000
107.079,10.000000,13.950000,1.210000
107.346,10.000000,14.200000,0.530000
107.611,10.000000,15.000000,-0.890000
107.859,10.000000,15.040000,-1.770000
108.093,10.000000,14.200000,-0.930000
108.348,10.000000,13.950000,-1.310000
108.603,10.000000,13.940000,3.360000
108.852,10.000000,13.930000,-1.810000
109.125,10.000000,14.000000,-2.290000
109.367,10.000000,13.930000,-2.770000
109.619,10.000000,14.270000,-3.460000
109.907,10.000000,14.430000,-5.520000
110.160,10.000000,14.620000,-4.680000
110.399,10.000000,14.590000,-5.110000
110.627,10.000000,13.570000,-4.350000
110.899,10.000000,13.650000,-5.620000
111.135,10.000000,13.930000,-5.430000
111.389,10.000000,13.930000,-5.880000
111.652,10.000000,13.430000,-5.700000
111.901,10.000000,13.220000,-5.810000
112.155,10.000000,13.430000,-7.190000
112.408,10.000000,13.590000,-6.840000
112.657,10.000000,12.560000,-1.410000
112.910,10.000000,12.560000,-6.330000
113.203,10.000000,13.240000,-7.040000
113.422,10.000000,13.400000,-9.470000
113.672,10.000000,12.490000,-11.790000
113.952,10.000000,12.560000,-7.130000
114.194,10.000000,12.900000,-8.140000
114.430,10.000000,12.300000,-4.240000
114.682,10.000000,12.210000,-7.840000
114.959,10.000000,12.560000,-9.620000
115.195,10.000000,12.580000,-8.730000
115.445,10.000000,12.560000,-8.960000
115.696,10.000000,12.210000,-8.800000
115.948,10.000000,12.170000,-10.130000
116.202,10.000000,11.530000,-4.560000
116.457,10.000000,11.690000,-9.910000
116.708,10.000000,11.870000,-9.140000
116.961,10.000000,10.890000,-8.510000
117.217,10.000000,10.860000,-8.570000
117.481,10.000000,12.020000,-15.490000
117.749,10.000000,11.340000,-9.410000
117.967,10.000000,10.810000,-10.090000
118.235,10.000000,10.630000,-5.320000
118.492,10.000000,10.480000,0.000000
118.765,10.000000,10.200000,0.000000
119.005,10.000000,10.220000,0.000000
119.262,10.000000,10.160000,0.000000
119.522,10.000000,10.180000,0.000000
119.795,10.000000,10.240000,0.000000
120.062,10.000000,10.180000,0.000000
120.338,15.000000,10.310000,-5.820000
120.596,15.000000,10.410000,-1.720000
120.843,15.000000,10.140000,-1.110000
121.094,15.000000,10.140000,-0.680000
121.394,15.000000,10.140000,-0.150000
121.628,15.000000,10.250000,0.210000
121.898,15.000000,10.240000,0.730000
122.126,15.000000,10.160000,1.270000
122.394,15.000000,10.240000,1.380000
122.648,15.000000,10.200000,2.580000
122.916,15.000000,10.140000,2.850000
123.169,15.000000,10.820000,2.390000
123.440,15.000000,10.160000,4.130000
123.692,15.000000,10.160000,4.300000
123.960,15.000000,10.970000,5.350000
124.220,15.000000,10.910000,3.940000
124.483,15.000000,10.870000,4.460000
124.745,15.000000,10.480000,6.030000
125.028,15.000000,11.360000,0.720000
125.278,15.000000,11.670000,6.270000
125.551,15.000000,11.390000,6.630000
125.777,15.000000,10.860000,6.470000
126.054,15.000000,11.940000,5.930000
126.300,15.000000,11.870000,6.730000
126.551,15.000000,11.620000,8.070000
126.820,15.000000,11.390000,9.120000
127.071,15.000000,12.210000,6.970000
127.354,15.000000,12.210000,7.250000
127.598,15.000000,11.670000,9.600000
127.843,15.000000,12.570000,7.490000
128.098,15.000000,12.510000,7.650000
128.347,15.000000,12.080000,9.580000
128.602,15.000000,12.970000,4.280000
128.890,15.000000,12.850000,8.940000
129.160,15.000000,12.760000,4.970000
129.360,15.000000,13.580000,3.450000
129.618,15.000000,13.240000,8.320000
129.873,15.000000,12.840000,10.490000
130.116,15.000000,13.040000,5.480000
130.376,15.000000,13.610000,8.480000
130.627,15.000000,13.250000,9.110000
130.879,15.000000,13.460000,4.260000
131.129,15.000000,13.940000,8.610000
131.419,15.000000,13.600000,8.990000
131.661,15.000000,14.610000,0.000000
131.888,15.000000,14.620000,0.000000
132.162,15.000000,14.620000,0.000000
132.429,15.000000,14.620000,0.000000
132.667,15.000000,14.620000,0.000000
132.930,15.000000,14.630000,0.000000
133.205,15.000000,14.620000,0.000000
133.462,15.000000,14.600000,0.000000
133.717,15.000000,14.620000,0.000000
133.960,15.000000,14.600000,0.000000
134.216,15.000000,14.630000,0.000000
134.482,15.000000,14.620000,0.000000
134.730,15.000000,14.630000,0.000000
134.985,15.000000,14.620000,0.000000
135.240,15.000000,14.620000,0.000000
135.516,10.000000,14.600000,2.030000
135.745,10.000000,14.600000,1.580000
136.025,10.000000,14.560000,1.120000
136.281,10.000000,14.370000,0.590000
136.502,10.000000,14.270000,0.680000
136.790,10.000000,14.270000,0.120000
137.035,10.000000,14.290000,0.110000
137.261,10.000000,14.290000,-0.670000
137.513,10.000000,14.260000,-1.060000
137.775,10.000000,14.280000,-1.510000
138.033,10.000000,14.280000,-2.280000
138.274,10.000000,14.540000,-3.680000
138.539,10.000000,14.650000,-2.850000
138.810,10.000000,14.590000,-3.570000
139.053,10.000000,13.600000,2.020000
139.304,10.000000,13.580000,-3.630000
139.564,10.000000,13.750000,-4.940000
139.815,10.000000,13.930000,-4.470000
140.070,10.000000,13.480000,0.230000
140.332,10.000000,12.910000,-3.950000
140.556,10.000000,13.250000,-4.290000
140.817,10.000000,13.250000,-5.250000
141.068,10.000000,13.600000,-5.670000
141.317,10.000000,13.590000,-5.690000
141.572,10.000000,12.580000,-0.640000
141.828,10.000000,12.550000,-5.140000
142.082,10.000000,13.030000,-7.210000
142.341,10.000000,13.260000,-6.830000
142.595,10.000000,12.440000,-2.970000
142.860,10.000000,12.230000,-6.230000
143.089,10.000000,12.570000,-6.850000
143.369,10.000000,12.900000,-8.210000
143.622,10.000000,11.890000,-2.260000
143.848,10.000000,12.170000,-8.160000
144.130,10.000000,12.730000,-8.990000
144.381,10.000000,12.150000,-4.270000
144.611,10.000000,11.550000,-7.370000
144.858,10.000000,11.870000,-7.220000
145.111,10.000000,12.210000,-8.160000
145.367,10.000000,12.030000,-8.410000
145.632,10.000000,11.530000,-7.420000
145.868,10.000000,11.890000,-8.360000
146.144,10.000000,10.840000,-3.450000
146.404,10.000000,11.210000,-7.810000
146.625,10.000000,11.550000,-8.410000
146.923,10.000000,10.980000,-5.190000
147.173,10.000000,10.860000,-7.470000
147.399,10.000000,11.070000,-8.960000
147.650,10.000000,11.170000,-8.030000
147.901,10.000000,10.220000,0.000000
148.167,10.000000,10.180000,0.000000
148.439,10.000000,10.140000,0.000000
148.712,10.000000,10.180000,0.000000
148.982,10.000000,10.240000,0.000000
149.225,10.000000,10.180000,0.000000
149.489,10.000000,10.160000,0.000000
149.763,10.000000,10.200000,0.000000
150.027,10.000000,10.200000,0.000000
150.303,10.000000,10.160000,0.000000
150.572,15.000000,10.140000,-0.910000
150.807,15.000000,10.140000,-0.740000
151.093,15.000000,10.240000,-0.330000
151.353,15.000000,10.140000,0.260000
151.587,15.000000,10.140000,0.720000
151.872,15.000000,10.150000,1.260000
152.133,15.000000,10.190000,1.380000
152.360,15.000000,10.220000,2.210000
152.633,15.000000,10.150000,2.770000
152.882,15.000000,10.220000,2.790000
153.162,15.000000,10.180000,4.150000
153.402,15.000000,11.200000,3.120000
153.674,15.000000,11.220000,3.000000
153.929,15.000000,11.240000,3.440000
154.199,15.000000,10.870000,4.260000
154.447,15.000000,10.740000,4.780000
154.715,15.000000,10.510000,6.260000
155.000,15.000000,11.540000,5.400000
155.221,15.000000,11.280000,6.480000
155.493,15.000000,11.230000,5.890000
155.767,15.000000,11.230000,6.270000
156.022,15.000000,11.080000,8.370000
156.278,15.000000,11.480000,5.810000
156.569,15.000000,11.190000,8.220000
156.788,15.000000,12.210000,6.980000
157.041,15.000000,12.150000,8.560000
157.302,15.000000,11.550000,8.390000
157.549,15.000000,12.560000,7.560000
157.821,15.000000,12.370000,9.200000
158.069,15.000000,12.230000,8.460000
158.319,15.000000,12.900000,8.300000
158.581,15.000000,12.900000,8.160000
158.865,15.000000,12.730000,9.420000
159.092,15.000000,13.460000,9.550000
159.371,15.000000,13.270000,7.950000
159.637,15.000000,12.900000,9.320000
159.864,15.000000,13.660000,5.150000
160.134,15.000000,13.590000,8.610000
160.361,15.000000,13.380000,5.780000
160.637,15.000000,14.300000,3.120000
160.870,15.000000,13.910000,8.460000
161.122,15.000000,13.590000,9.060000
161.379,15.000000,14.630000,0.000000
161.644,15.000000,14.620000,0.000000
161.899,15.000000,14.630000,0.000000
162.161,15.000000,14.620000,0.000000
162.416,15.000000,14.630000,0.000000
162.695,15.000000,14.630000,0.000000
162.975,15.000000,14.630000,0.000000
163.243,15.000000,14.620000,0.000000
163.486,15.000000,14.760000,0.000000
163.715,15.000000,13.510000,10.130000
163.998,15.000000,14.580000,0.000000
164.245,15.000000,14.620000,0.000000
164.511,15.000000,14.600000,0.000000
164.767,15.000000,14.610000,0.000000
165.021,15.000000,14.600000,0.000000
165.275,15.000000,14.260000,8.650000
165.545,10.000000,13.870000,3.050000
165.778,10.000000,15.280000,1.620000
166.028,10.000000,15.290000,0.450000
166.280,10.000000,15.000000,1.780000
166.533,10.000000,14.930000,0.210000
166.783,10.000000,14.930000,0.060000
167.061,10.000000,14.970000,-0.760000
167.291,10.000000,14.930000,-1.200000
167.557,10.000000,14.930000,-1.740000
167.822,10.000000,15.020000,-2.390000
168.057,10.000000,13.960000,2.590000
168.343,10.000000,13.940000,2.620000
168.565,10.000000,13.940000,-2.370000
168.815,10.000000,13.910000,-2.730000
169.068,10.000000,14.280000,-3.610000
169.324,10.000000,14.270000,-4.250000
169.576,10.000000,14.600000,-4.770000
169.832,10.000000,14.710000,-5.650000
170.089,10.000000,13.600000,-4.480000
170.338,10.000000,13.710000,-5.770000
170.596,10.000000,13.910000,-5.220000
170.891,10.000000,14.210000,-7.070000
171.100,10.000000,13.450000,-10.370000
171.388,10.000000,13.250000,-5.820000
171.638,10.000000,13.590000,-6.540000
171.866,10.000000,13.890000,-8.520000
172.142,10.000000,12.570000,-6.080000
172.367,10.000000,12.910000,-6.740000
172.630,10.000000,13.250000,-7.150000
172.876,10.000000,12.230000,-1.930000
173.127,10.000000,12.570000,-7.170000
173.386,10.000000,12.870000,-9.400000
173.637,10.000000,12.910000,-8.110000
173.922,10.000000,12.220000,-4.230000
174.151,10.000000,12.850000,-10.140000
174.415,10.000000,12.560000,-8.550000
174.677,10.000000,11.810000,-9.040000
174.908,10.000000,12.010000,-9.510000
175.189,10.000000,12.230000,-8.820000
175.416,10.000000,11.160000,-7.410000
175.689,10.000000,11.550000,-8.400000
175.926,10.000000,11.870000,-8.530000
176.170,10.000000,10.880000,-8.220000
176.416,10.000000,11.270000,-9.870000
176.670,10.000000,11.530000,-8.890000
176.928,10.000000,11.140000,-5.280000
177.177,10.000000,10.860000,-8.330000
177.436,10.000000,11.210000,-8.810000
177.676,10.000000,10.840000,-5.590000
177.982,10.000000,10.520000,-8.200000
178.218,10.000000,10.640000,-9.840000
178.488,10.000000,10.840000,-9.040000
178.716,10.000000,10.250000,0.000000
178.986,10.000000,9.870000,0.000000
179.263,10.000000,9.850000,0.000000
179.530,10.000000,9.800000,0.000000
179.766,10.000000,9.840000,0.000000
180.051,10.000000,9.870000,0.000000
180.330,10.000000,9.840000,0.000000
180.562,15.000000,9.770000,-1.060000
180.848,15.000000,9.790000,-1.260000
181.073,15.000000,9.840000,-0.450000
181.344,15.000000,9.800000,-0.190000
181.592,15.000000,9.800000,0.340000
181.861,15.000000,9.900000,0.770000
182.133,15.000000,9.900000,1.280000
182.389,15.000000,9.790000,1.960000
182.658,15.000000,9.810000,2.470000
182.924,15.000000,9.900000,2.910000
183.147,15.000000,10.840000,2.320000
183.436,15.000000,10.840000,3.090000
183.707,15.000000,10.860000,3.110000
183.947,15.000000,10.890000,3.550000
184.192,15.000000,10.500000,4.450000
184.468,15.000000,10.520000,5.240000
184.712,15.000000,10.360000,5.800000
184.999,15.000000,11.160000,5.480000
185.259,15.000000,11.120000,5.800000
185.514,15.000000,10.820000,6.630000
185.773,15.000000,10.500000,8.470000
186.042,15.000000,11.620000,2.750000
186.280,15.000000,11.520000,6.850000
186.544,15.000000,11.270000,8.150000
186.832,15.000000,10.880000,9.000000
187.066,15.000000,11.890000,7.390000
187.322,15.000000,11.560000,7.680000
187.574,15.000000,11.210000,10.100000
187.825,15.000000,12.150000,6.180000
188.085,15.000000,11.900000,8.690000
188.341,15.000000,11.560000,10.590000
188.591,15.000000,12.590000,8.150000
188.837,15.000000,12.220000,10.310000
189.089,15.000000,11.970000,10.950000
189.346,15.000000,12.910000,8.950000
189.595,15.000000,12.630000,10.630000
189.847,15.000000,12.250000,10.110000
190.109,15.000000,13.340000,10.330000
190.386,15.000000,13.250000,9.440000
190.607,15.000000,12.920000,10.670000
190.871,15.000000,13.590000,10.890000
191.140,15.000000,13.520000,9.860000
191.367,15.000000,13.800000,10.520000
191.649,15.000000,13.940000,10.290000
191.890,15.000000,13.920000,9.470000
192.126,15.000000,14.600000,0.000000
192.395,15.000000,14.610000,0.000000
192.657,15.000000,14.610000,0.000000
192.906,15.000000,14.590000,0.000000
193.170,15.000000,14.600000,0.000000
193.437,15.000000,14.600000,0.000000
193.676,15.000000,14.610000,0.000000
193.974,15.000000,14.610000,0.000000
194.200,15.000000,14.620000,0.000000
194.473,15.000000,14.630000,0.000000
194.742,15.000000,14.590000,0.000000
194.990,15.000000,14.620000,0.000000
195.254,15.000000,14.600000,0.000000
195.496,15.000000,14.620000,0.000000
195.757,10.000000,14.590000,3.090000
196.006,10.000000,14.630000,2.120000
196.262,10.000000,14.620000,1.950000
196.515,10.000000,14.310000,1.920000
196.770,10.000000,14.250000,1.650000
197.015,10.000000,14.280000,1.160000
197.273,10.000000,14.280000,0.660000
197.547,10.000000,14.290000,0.290000
197.793,10.000000,14.260000,0.300000
198.025,10.000000,14.280000,-0.560000
198.294,10.000000,14.280000,-0.950000
198.546,10.000000,14.300000,-1.340000
198.805,10.000000,14.280000,-1.820000
199.065,10.000000,14.300000,-2.620000
199.295,10.000000,14.250000,-2.670000
199.558,10.000000,14.520000,-4.470000
199.806,10.000000,14.640000,-4.310000
200.054,10.000000,14.740000,-4.530000
200.308,10.000000,13.610000,-4.050000
200.581,10.000000,13.590000,-3.970000
200.839,10.000000,13.910000,-4.710000
201.093,10.000000,13.910000,-5.210000
201.323,10.000000,12.910000,0.320000
201.608,10.000000,13.110000,-6.090000
201.837,10.000000,13.250000,-4.990000
202.104,10.000000,13.600000,-6.430000
202.338,10.000000,13.590000,-6.420000
202.590,10.000000,12.840000,-1.320000
202.848,10.000000,12.840000,-10.790000
203.097,10.000000,13.250000,-7.010000
203.362,10.000000,13.340000,-4.240000
203.623,10.000000,12.240000,-6.320000
203.856,10.000000,12.570000,-6.990000
204.136,10.000000,12.720000,-8.870000
204.362,10.000000,11.880000,-2.060000
204.640,10.000000,11.960000,-6.950000
204.870,10.000000,12.450000,-8.800000
205.139,10.000000,12.160000,-4.430000
205.376,10.000000,11.560000,-7.590000
205.632,10.000000,12.240000,-13.950000
205.885,10.000000,12.230000,-8.340000
206.136,10.000000,12.240000,-8.570000
206.388,10.000000,11.560000,-7.980000
206.644,10.000000,11.880000,-8.100000
206.897,10.000000,10.890000,-7.890000
207.148,10.000000,11.080000,-9.070000
207.421,10.000000,11.260000,-8.120000
207.689,10.000000,11.560000,-8.630000
207.947,10.000000,10.630000,-8.910000
208.184,10.000000,10.840000,-7.610000
208.448,10.000000,11.090000,-9.150000
208.679,10.000000,11.210000,-8.970000
208.949,10.000000,10.860000,-8.690000
209.206,10.000000,10.860000,-8.780000
209.474,10.000000,9.790000,0.000000
209.735,10.000000,9.850000,0.000000
210.003,10.000000,9.870000,0.000000
210.277,10.000000,9.820000,0.000000
210.544,10.000000,9.810000,0.000000
210.792,15.000000,9.790000,-1.230000
211.063,15.000000,9.790000,-0.720000
211.317,15.000000,9.790000,-0.150000
211.595,15.000000,9.790000,0.370000
211.887,15.000000,9.900000,0.800000
212.107,15.000000,9.900000,1.310000
212.363,15.000000,9.810000,2.310000
212.632,15.000000,9.840000,2.120000
212.909,15.000000,10.820000,1.820000
213.156,15.000000,10.840000,2.530000
213.407,15.000000,10.880000,2.960000
213.663,15.000000,10.810000,3.910000
213.936,15.000000,10.710000,2.160000
214.181,15.000000,10.680000,4.390000
214.452,15.000000,10.500000,5.160000
214.703,15.000000,10.150000,5.740000
214.974,15.000000,10.260000,5.730000
215.223,15.000000,11.220000,5.050000
215.502,15.000000,11.030000,7.180000
215.778,15.000000,10.820000,6.290000
216.032,15.000000,10.500000,7.150000
216.267,15.000000,10.900000,4.560000
216.549,15.000000,10.820000,8.360000
216.816,15.000000,11.870000,4.300000
217.081,15.000000,11.870000,7.550000
217.328,15.000000,11.340000,9.600000
217.583,15.000000,12.010000,4.690000
217.833,15.000000,12.230000,7.810000
218.088,15.000000,12.150000,7.370000
218.340,15.000000,12.570000,5.130000
218.605,15.000000,12.550000,8.600000
218.886,15.000000,12.210000,9.270000
219.126,15.000000,12.760000,5.420000
219.370,15.000000,12.900000,9.320000
219.618,15.000000,12.760000,5.870000
219.883,15.000000,13.110000,5.720000
220.167,15.000000,13.270000,8.850000
220.390,15.000000,12.830000,10.180000
220.630,15.000000,13.670000,4.770000
220.886,15.000000,13.590000,9.810000
221.140,15.000000,13.250000,10.360000
221.391,15.000000,13.480000,5.560000
221.645,15.000000,13.940000,9.410000
221.899,15.000000,13.600000,9.800000
222.148,15.000000,14.600000,0.000000
222.403,15.000000,14.620000,0.000000
222.697,15.000000,14.620000,0.000000
222.922,15.000000,14.610000,0.000000
223.206,15.000000,14.600000,0.000000
223.467,15.000000,14.600000,0.000000
223.740,15.000000,14.620000,0.000000
223.989,15.000000,14.590000,0.000000
224.243,15.000000,14.610000,0.000000
224.509,15.000000,14.610000,0.000000
224.766,15.000000,14.610000,0.000000
225.015,15.000000,14.610000,0.000000
225.300,15.000000,14.590000,0.000000
225.523,15.000000,14.610000,0.000000
225.775,10.000000,14.540000,3.560000
226.023,10.000000,14.630000,2.630000
226.278,10.000000,14.620000,2.570000
226.536,10.000000,14.560000,1.320000
226.783,10.000000,14.250000,1.740000
227.041,10.000000,14.270000,0.870000
227.293,10.000000,13.920000,0.980000
227.540,10.000000,13.910000,0.910000
227.818,10.000000,13.920000,0.560000
228.073,10.000000,13.920000,0.160000
228.341,10.000000,13.940000,-0.690000
228.583,10.000000,13.930000,-0.360000
228.825,10.000000,13.930000,-1.090000
229.075,10.000000,14.020000,-2.750000
229.342,10.000000,14.270000,-2.290000
229.585,10.000000,14.240000,-2.330000
229.840,10.000000,14.540000,-4.200000
230.096,10.000000,14.590000,-3.950000
230.347,10.000000,14.610000,-4.080000
230.599,10.000000,13.600000,-3.670000
230.857,10.000000,13.580000,-4.290000
231.113,10.000000,13.920000,-4.690000
231.367,10.000000,13.910000,-5.120000
231.654,10.000000,13.450000,-0.320000
231.876,10.000000,13.260000,-1.830000
232.127,10.000000,13.230000,-5.330000
232.419,10.000000,13.600000,-6.440000
232.640,10.000000,13.610000,-6.860000
232.903,10.000000,12.560000,-5.640000
233.134,10.000000,12.900000,-6.360000
233.428,10.000000,13.260000,-7.370000
233.641,10.000000,13.380000,-8.640000
233.900,10.000000,12.230000,-6.430000
234.148,10.000000,12.560000,-7.020000
234.401,10.000000,12.850000,-8.780000
234.654,10.000000,12.280000,-3.750000
234.907,10.000000,12.560000,-8.930000
235.161,10.000000,12.210000,-7.600000
235.411,10.000000,12.560000,-8.240000
235.701,10.000000,11.820000,-8.790000
235.948,10.000000,11.870000,-7.870000
236.171,10.000000,12.230000,-8.490000
236.421,10.000000,11.210000,-7.510000
236.683,10.000000,11.550000,-8.030000
236.954,10.000000,11.890000,-8.940000
237.198,10.000000,11.070000,-4.330000
237.441,10.000000,10.880000,-7.700000
237.684,10.000000,11.530000,-9.360000
237.939,10.000000,11.550000,-9.070000
238.190,10.000000,10.770000,-9.480000
238.445,10.000000,10.880000,-8.530000
238.692,10.000000,10.240000,0.000000
238.965,10.000000,10.140000,0.000000
239.227,10.000000,10.180000,0.000000
239.504,10.000000,10.240000,0.000000
239.765,10.000000,10.180000,0.000000
240.014,10.000000,10.140000,0.000000
240.287,10.000000,10.200000,0.000000
240.590,10.000000,10.220000,0.000000
240.818,15.000000,10.130000,-1.560000
241.079,15.000000,10.200000,-1.690000
241.321,15.000000,10.140000,-0.680000
241.618,15.000000,10.140000,-0.160000
241.879,15.000000,10.140000,0.330000
242.138,15.000000,10.240000,0.780000
242.385,15.000000,10.240000,1.210000
242.626,15.000000,10.200000,2.120000
242.884,15.000000,10.140000,2.320000
243.148,15.000000,11.230000,-2.260000
243.399,15.000000,11.230000,1.620000
243.654,15.000000,11.220000,2.000000
243.922,15.000000,11.230000,2.400000
244.180,15.000000,11.160000,4.030000
244.445,15.000000,10.900000,4.740000
244.720,15.000000,10.870000,3.990000
245.008,15.000000,10.480000,5.280000
245.226,15.000000,10.540000,5.630000
245.527,15.000000,11.550000,5.260000
245.758,15.000000,11.250000,7.060000
246.024,15.000000,10.820000,6.740000
246.287,15.000000,11.670000,3.040000
246.545,15.000000,11.890000,6.020000
246.784,15.000000,11.870000,6.380000
247.058,15.000000,11.230000,8.200000
247.323,15.000000,12.210000,6.640000
247.554,15.000000,12.220000,6.930000
247.794,15.000000,11.870000,7.610000
248.062,15.000000,11.530000,8.700000
248.320,15.000000,12.550000,7.490000
248.572,15.000000,12.230000,10.430000
248.829,15.000000,12.280000,4.850000
249.098,15.000000,12.900000,7.870000
249.329,15.000000,12.570000,9.640000
249.621,15.000000,12.230000,9.090000
249.849,15.000000,13.240000,7.730000
250.083,15.000000,12.970000,9.740000
250.347,15.000000,12.550000,10.180000
250.629,15.000000,13.960000,7.990000
250.844,15.000000,13.530000,8.380000
251.094,15.000000,13.300000,10.040000
251.346,15.000000,14.160000,7.640000
251.599,15.000000,13.940000,8.070000
251.856,15.000000,13.860000,8.660000
252.108,15.000000,14.620000,0.000000
252.377,15.000000,14.620000,0.000000
252.628,15.000000,14.620000,0.000000
252.896,15.000000,14.600000,0.000000
253.184,15.000000,14.600000,0.000000
253.419,15.000000,14.620000,0.000000
253.696,15.000000,14.620000,0.000000
253.922,15.000000,14.620000,0.000000
254.190,15.000000,14.600000,0.000000
254.468,15.000000,14.620000,0.000000
254.700,15.000000,14.590000,0.000000
254.950,15.000000,14.600000,0.000000
255.229,15.000000,14.600000,0.000000
255.484,15.000000,14.600000,0.000000
255.749,15.000000,14.600000,0.000000
256.011,10.000000,14.610000,1.850000
256.291,10.000000,14.610000,1.520000
256.503,10.000000,14.630000,0.690000
256.792,10.000000,14.610000,0.550000
257.008,10.000000,14.600000,0.160000
257.261,10.000000,14.620000,-0.310000
257.530,10.000000,14.610000,-0.760000
257.784,10.000000,14.610000,-0.860000
258.028,10.000000,14.590000,-1.650000
258.279,10.000000,14.590000,-2.030000
258.548,10.000000,14.590000,-2.610000
258.785,10.000000,14.440000,-5.870000
259.043,10.000000,13.590000,-1.830000
259.292,10.000000,13.600000,-2.850000
259.549,10.000000,13.930000,-3.300000
259.800,10.000000,13.900000,-3.650000
260.053,10.000000,13.970000,-5.230000
260.326,10.000000,13.170000,-3.570000
260.577,10.000000,13.380000,-5.270000
260.828,10.000000,13.260000,-4.650000
261.082,10.000000,13.580000,-4.990000
261.324,10.000000,13.580000,-4.930000
261.589,10.000000,12.560000,0.150000
261.850,10.000000,12.900000,-5.180000
262.107,10.000000,12.920000,-5.490000
262.332,10.000000,13.240000,-6.160000
262.606,10.000000,13.460000,-8.000000
262.859,10.000000,12.230000,-5.600000
263.099,10.000000,12.570000,-6.180000
263.350,10.000000,12.690000,-7.860000
263.597,10.000000,12.900000,-7.150000
263.852,10.000000,11.890000,-6.260000
264.108,10.000000,12.420000,-8.290000
264.357,10.000000,12.550000,-7.470000
264.611,10.000000,11.540000,-6.870000
264.868,10.000000,11.890000,-3.590000
265.134,10.000000,12.030000,-8.600000
265.366,10.000000,11.390000,-3.770000
265.636,10.000000,11.210000,-7.180000
265.886,10.000000,11.560000,-7.320000
266.135,10.000000,11.900000,-7.870000
266.391,10.000000,10.830000,-6.550000
266.661,10.000000,11.190000,-7.030000
266.900,10.000000,11.350000,-9.310000
267.134,10.000000,10.550000,-6.950000
267.407,10.000000,10.890000,-7.730000
267.672,10.000000,11.220000,-7.840000
267.904,10.000000,11.190000,-7.960000
268.167,10.000000,10.420000,0.000000
268.428,10.000000,10.190000,0.000000
268.700,10.000000,10.230000,0.000000
268.964,10.000000,10.190000,0.000000
269.232,10.000000,10.150000,0.000000
269.500,10.000000,10.370000,0.000000
269.783,10.000000,10.280000,0.000000
270.033,10.000000,10.210000,0.000000
270.312,10.000000,10.530000,-7.590000
270.539,10.000000,10.490000,0.000000
270.838,10.000000,10.570000,-7.690000
271.075,15.000000,10.830000,-1.820000
271.318,15.000000,10.860000,-1.030000
271.578,15.000000,10.920000,-1.450000
271.848,15.000000,10.830000,-0.550000
272.089,15.000000,10.200000,0.710000
272.337,15.000000,10.830000,0.500000
272.605,15.000000,10.900000,0.460000
272.862,15.000000,10.880000,1.560000
273.126,15.000000,10.880000,1.340000
273.424,15.000000,11.110000,0.770000
273.675,15.000000,11.160000,2.600000
273.941,15.000000,10.820000,3.290000
274.205,15.000000,10.860000,3.720000
274.454,15.000000,10.880000,3.760000
274.691,15.000000,10.540000,4.250000
274.979,15.000000,10.480000,5.440000
275.214,15.000000,11.640000,-0.400000
275.472,15.000000,11.290000,1.520000
275.719,15.000000,11.090000,6.710000
275.990,15.000000,10.880000,6.300000
276.243,15.000000,10.750000,7.630000
276.511,15.000000,11.550000,6.040000
276.784,15.000000,11.210000,8.160000
277.039,15.000000,10.840000,9.470000
277.294,15.000000,11.870000,7.520000
277.569,15.000000,11.820000,7.460000
277.817,15.000000,11.190000,8.990000
278.064,15.000000,12.230000,7.780000
278.316,15.000000,11.960000,9.530000
278.589,15.000000,11.530000,10.290000
278.851,15.000000,12.560000,5.000000
279.093,15.000000,12.510000,8.610000
279.320,15.000000,12.380000,5.470000
279.572,15.000000,12.900000,10.240000
279.827,15.000000,12.830000,8.920000
280.087,15.000000,12.210000,10.010000
280.337,15.000000,13.400000,5.300000
280.586,15.000000,13.240000,9.550000
280.835,15.000000,12.770000,11.100000
281.097,15.000000,13.900000,4.230000
281.365,15.000000,13.580000,10.490000
281.594,15.000000,13.240000,9.510000
281.872,15.000000,14.240000,8.910000
282.114,15.000000,13.920000,9.320000
282.361,15.000000,13.580000,10.900000
282.616,15.000000,14.600000,0.000000
282.883,15.000000,14.610000,0.000000
283.161,15.000000,14.590000,0.000000
283.401,15.000000,14.610000,0.000000
283.653,15.000000,14.590000,0.000000
283.904,15.000000,14.610000,0.000000
284.184,15.000000,14.610000,0.000000
284.427,15.000000,14.610000,0.000000
284.708,15.000000,14.600000,0.000000
284.979,15.000000,14.590000,0.000000
285.227,15.000000,14.620000,0.000000
285.487,15.000000,14.610000,0.000000
285.729,15.000000,14.610000,0.000000
286.037,10.000000,14.610000,-2.220000
286.244,10.000000,14.590000,2.630000
286.499,10.000000,14.590000,2.120000
286.752,10.000000,14.320000,3.210000
287.003,10.000000,14.270000,2.080000
287.256,10.000000,14.280000,1.240000
287.510,10.000000,14.140000,-0.300000
287.772,10.000000,13.950000,0.500000
288.016,10.000000,13.940000,0.420000
288.276,10.000000,13.930000,0.040000
288.538,10.000000,13.950000,-0.750000
288.775,10.000000,13.930000,-0.770000
289.050,10.000000,14.210000,-1.080000
289.301,10.000000,14.070000,-2.900000
289.537,10.000000,14.240000,-2.350000
289.805,10.000000,14.260000,-2.380000
290.043,10.000000,14.630000,-4.060000
290.301,10.000000,14.580000,-3.990000
290.551,10.000000,14.580000,-1.000000
290.804,10.000000,13.580000,-3.330000
291.060,10.000000,13.610000,-4.480000
291.317,10.000000,13.950000,-5.290000
291.567,10.000000,14.020000,-6.810000
291.828,10.000000,13.450000,-9.610000
292.101,10.000000,13.240000,-4.770000
292.356,10.000000,13.380000,-6.760000
292.608,10.000000,13.590000,-6.240000
292.844,10.000000,13.930000,-6.640000
293.117,10.000000,12.560000,-5.670000
293.340,10.000000,12.930000,-6.840000
293.598,10.000000,13.040000,-7.650000
293.869,10.000000,13.250000,-7.750000
294.126,10.000000,12.220000,-6.450000
294.354,10.000000,12.580000,-7.240000
294.607,10.000000,12.910000,-7.880000
294.861,10.000000,12.990000,-9.310000
295.115,10.000000,11.950000,-8.470000
295.392,10.000000,12.580000,-9.700000
295.624,10.000000,12.160000,-4.510000
295.892,10.000000,11.910000,-7.930000
296.150,10.000000,12.040000,-8.150000
296.388,10.000000,12.220000,-8.570000
296.664,10.000000,11.190000,-7.330000
296.881,10.000000,11.560000,-8.530000
297.189,10.000000,11.880000,-8.370000
297.413,10.000000,10.960000,-9.270000
297.658,10.000000,11.210000,-8.210000
297.916,10.000000,11.540000,-8.420000
298.161,10.000000,10.490000,0.000000
298.430,10.000000,10.510000,-7.730000
298.688,10.000000,10.490000,0.000000
298.956,10.000000,10.640000,-9.090000
299.204,10.000000,11.200000,-8.260000
299.471,10.000000,11.010000,-5.360000
299.714,10.000000,10.510000,-7.980000
299.993,10.000000,10.730000,-9.330000
300.252,10.000000,10.870000,-8.180000
300.487,10.000000,10.090000,0.000000
300.761,10.000000,10.260000,0.000000
301.021,10.000000,10.370000,0.000000
301.280,15.000000,10.250000,-2.140000
301.543,15.000000,10.210000,-0.870000
301.792,15.000000,10.190000,-0.340000
302.051,15.000000,10.150000,-0.160000
302.337,15.000000,10.250000,0.250000
302.565,15.000000,10.250000,0.720000
302.835,15.000000,10.170000,1.050000
303.085,15.000000,10.240000,1.440000
303.357,15.000000,10.180000,2.610000
303.608,15.000000,10.150000,2.840000
303.877,15.000000,10.220000,2.980000
304.125,15.000000,10.100000,4.140000
304.396,15.000000,10.410000,7.550000
304.647,15.000000,10.890000,3.910000
304.965,15.000000,10.890000,4.320000
305.171,15.000000,10.710000,5.760000
305.444,15.000000,10.490000,5.730000
305.716,15.000000,10.550000,6.430000
305.983,15.000000,11.210000,5.820000
306.225,15.000000,11.030000,7.140000
306.507,15.000000,10.900000,6.940000
306.734,15.000000,10.530000,7.470000
307.020,15.000000,11.580000,6.630000
307.273,15.000000,11.210000,8.190000
307.513,15.000000,10.840000,8.990000
307.764,15.000000,11.900000,7.440000
308.030,15.000000,11.540000,10.820000
308.282,15.000000,11.430000,8.630000
308.532,15.000000,12.230000,8.420000
308.813,15.000000,11.610000,10.430000
309.050,15.000000,12.170000,5.500000
309.310,15.000000,12.570000,8.880000
309.603,15.000000,12.220000,9.580000
309.817,15.000000,12.490000,6.020000
310.080,15.000000,12.900000,9.250000
310.355,15.000000,12.580000,9.900000
310.584,15.000000,13.460000,5.250000
310.826,15.000000,13.260000,9.600000
311.084,15.000000,12.910000,10.470000
311.330,15.000000,13.400000,5.380000
311.603,15.000000,13.580000,10.030000
311.836,15.000000,13.240000,9.900000
312.105,15.000000,13.720000,5.510000
312.366,15.000000,13.930000,9.810000
312.636,15.000000,13.620000,11.300000
312.877,15.000000,14.620000,0.000000
313.120,15.000000,14.620000,0.000000
313.384,15.000000,14.610000,0.000000
313.626,15.000000,14.610000,0.000000
313.891,15.000000,14.630000,0.000000
314.147,15.000000,14.620000,0.000000
314.415,15.000000,14.620000,0.000000
314.671,15.000000,14.600000,0.000000
314.933,15.000000,14.610000,0.000000
315.193,15.000000,14.620000,0.000000
315.440,15.000000,14.610000,0.000000
315.710,15.000000,14.620000,0.000000
315.966,15.000000,14.610000,0.000000
316.222,10.000000,14.550000,3.360000
316.459,10.000000,14.640000,2.570000
316.738,10.000000,14.460000,3.760000
317.001,10.000000,14.270000,2.740000
317.244,10.000000,14.280000,1.990000
317.498,10.000000,14.280000,1.490000
317.721,10.000000,13.950000,1.530000
317.970,10.000000,13.940000,1.130000
318.224,10.000000,13.920000,1.110000
318.476,10.000000,13.930000,0.420000
318.767,10.000000,13.930000,-0.030000
318.994,10.000000,13.930000,-0.420000
319.239,10.000000,13.930000,-0.810000
319.494,10.000000,14.410000,-4.830000
319.756,10.000000,13.930000,-1.410000
320.019,10.000000,13.900000,-1.590000
320.249,10.000000,14.240000,-3.520000
320.519,10.000000,14.560000,-4.620000
320.758,10.000000,14.590000,-4.100000
321.013,10.000000,14.620000,-4.170000
321.269,10.000000,14.120000,-0.040000
321.529,10.000000,13.610000,-4.260000
321.810,10.000000,13.900000,-5.600000
322.040,10.000000,13.910000,-4.960000
322.291,10.000000,14.100000,-6.610000
322.562,10.000000,13.450000,-2.390000
322.788,10.000000,13.240000,-6.050000
323.068,10.000000,13.600000,-6.390000
323.319,10.000000,13.550000,-6.380000
323.553,10.000000,12.580000,-1.680000
323.802,10.000000,12.970000,-7.410000
324.056,10.000000,12.910000,-6.820000
324.311,10.000000,13.230000,-7.590000
324.569,10.000000,12.230000,-6.900000
324.817,10.000000,12.550000,-7.390000
325.069,10.000000,12.850000,-8.980000
325.328,10.000000,12.900000,-8.630000
325.574,10.000000,12.220000,-7.720000
325.837,10.000000,12.350000,-8.840000
326.123,10.000000,12.160000,-4.850000
326.343,10.000000,11.620000,-7.600000
326.596,10.000000,12.230000,-9.730000
326.855,10.000000,12.200000,-8.690000
327.089,10.000000,11.210000,-7.770000
327.353,10.000000,11.210000,-7.910000
327.609,10.000000,11.030000,-5.400000
327.850,10.000000,11.100000,-7.350000
328.121,10.000000,11.210000,-8.590000
328.371,10.000000,11.550000,-8.710000
328.620,10.000000,10.750000,-7.970000
328.885,10.000000,10.500000,0.000000
329.171,10.000000,10.590000,-8.630000
329.404,10.000000,11.050000,-3.420000
329.676,10.000000,11.200000,-9.080000
329.941,10.000000,10.520000,-7.690000
330.166,10.000000,10.500000,0.000000
330.460,10.000000,10.520000,-7.710000
330.704,10.000000,10.520000,-8.000000
330.938,10.000000,10.860000,-8.860000
331.230,15.000000,9.810000,12.330000
331.472,15.000000,10.020000,-1.740000
331.727,15.000000,9.790000,-0.580000
332.001,15.000000,9.790000,-0.020000
332.245,15.000000,9.810000,0.800000
332.511,15.000000,9.790000,1.060000
332.765,15.000000,9.830000,1.850000
333.038,15.000000,9.800000,2.120000
333.298,15.000000,9.900000,2.230000
333.573,15.000000,9.810000,3.520000
333.811,15.000000,10.630000,-0.490000
334.088,15.000000,10.840000,3.310000
334.350,15.000000,10.880000,3.310000
334.601,15.000000,10.540000,3.840000
334.883,15.000000,10.480000,5.030000
335.112,15.000000,10.310000,6.200000
335.393,15.000000,10.960000,2.210000
335.664,15.000000,11.160000,5.650000
335.886,15.000000,11.190000,6.020000
336.154,15.000000,10.820000,6.500000
336.412,15.000000,10.750000,7.230000
336.680,15.000000,11.320000,8.300000
336.937,15.000000,11.190000,7.660000
337.241,15.000000,11.390000,2.470000
337.457,15.000000,11.680000,3.960000
337.737,15.000000,11.600000,9.500000
337.991,15.000000,11.190000,9.620000
338.227,15.000000,12.230000,7.950000
338.504,15.000000,11.880000,8.340000
338.776,15.000000,11.530000,9.740000
339.007,15.000000,12.550000,8.500000
339.261,15.000000,12.300000,10.200000
339.504,15.000000,11.890000,9.770000
339.760,15.000000,12.890000,8.830000
340.034,15.000000,12.850000,8.730000
340.273,15.000000,12.230000,10.090000
340.544,15.000000,13.240000,9.500000
340.785,15.000000,13.170000,8.940000
341.029,15.000000,12.950000,10.890000
341.299,15.000000,13.710000,5.700000
341.536,15.000000,13.510000,9.420000
341.813,15.000000,13.160000,11.550000
342.036,15.000000,13.920000,9.010000
342.288,15.000000,13.850000,9.170000
342.552,15.000000,13.880000,9.660000
342.793,15.000000,14.620000,0.000000
343.061,15.000000,14.590000,0.000000
343.313,15.000000,14.620000,0.000000
343.566,15.000000,14.600000,0.000000
343.836,15.000000,14.620000,0.000000
344.109,15.000000,14.620000,0.000000
344.346,15.000000,14.620000,0.000000
344.643,15.000000,14.620000,0.000000
344.888,15.000000,14.620000,0.000000
345.146,15.000000,14.620000,0.000000
345.387,15.000000,14.620000,0.000000
345.655,15.000000,14.620000,0.000000
345.910,15.000000,14.590000,0.000000
346.170,15.000000,14.620000,0.000000
346.415,10.000000,14.590000,2.890000
346.668,10.000000,14.640000,2.150000
346.921,10.000000,14.270000,3.600000
347.175,10.000000,14.250000,2.000000
347.428,10.000000,14.280000,1.960000
347.686,10.000000,14.270000,1.140000
347.933,10.000000,14.210000,2.310000
348.203,10.000000,13.940000,0.250000
348.455,10.000000,13.920000,0.360000
348.717,10.000000,13.920000,-0.090000
348.961,10.000000,13.930000,-0.490000
349.214,10.000000,13.930000,-0.870000
